<?xml version="1.0"?>
<opencv_storage>
<calibration_time>"Sun Apr  8 22:26:27 2018"</calibration_time>
<nr_of_frames>3</nr_of_frames>
<image_width>2880</image_width>
<image_height>2880</image_height>
<board_width>6</board_width>
<board_height>7</board_height>
<square_size>32.</square_size>
<fix_aspect_ratio>1.</fix_aspect_ratio>
<!-- flags: +fix_skew +recompute_extrinsic -->
<flags>522</flags>
<fisheye_model>1</fisheye_model>
<camera_matrix type_id="opencv-matrix">
  <rows>3</rows>
  <cols>3</cols>
  <dt>d</dt>
  <data>
    7.4422939926515357e+02 0. 1.4395000000000000e+03 0.
    7.4631618621916311e+02 1.4395000000000000e+03 0. 0. 1.</data></camera_matrix>
<distortion_coefficients type_id="opencv-matrix">
  <rows>4</rows>
  <cols>1</cols>
  <dt>d</dt>
  <data>
    1.7448156346030863e-01 -1.3794170772978082e-01
    5.2770855860773395e-02 -8.1945504308935328e-03</data></distortion_coefficients>
<avg_reprojection_error>4.7823092347517189e+02</avg_reprojection_error>
<per_view_reprojection_errors type_id="opencv-matrix">
  <rows>3</rows>
  <cols>1</cols>
  <dt>f</dt>
  <data>
    5.66311096e+02 6.04365295e+02 1.21977081e+01</data></per_view_reprojection_errors>
<!-- a set of 6-tuples (rotation vector + translation vector) for each view -->
<extrinsic_parameters type_id="opencv-matrix">
  <rows>3</rows>
  <cols>6</cols>
  <dt>d</dt>
  <data>
    -1.9782800256470594e+05 1.9901852109806214e+06
    3.4574728666352560e+06 7.3795259547197491e+07
    -4.7861648640470251e+07 6.7282696244478434e+07
    1.9236620504966825e+06 -1.3748364721823756e+06
    6.5924649282707740e+05 4.0405418204171858e+06 7.4982444980317401e+06
    -8.6109511889126152e+06 -9.7828517678995053e-01
    1.0823655457159811e+00 -1.3550214296868186e+00
    1.4367447992934473e+02 1.1781823543068772e+02 3.0586020732438340e+02</data></extrinsic_parameters>
<image_points type_id="opencv-matrix">
  <rows>3</rows>
  <cols>42</cols>
  <dt>"2f"</dt>
  <data>
    2.54244336e+03 6.78124329e+02 2.49025244e+03 7.36315247e+02
    2.42511792e+03 8.02538513e+02 2.34933545e+03 8.72340088e+02
    2.26707178e+03 9.42369202e+02 2.18478833e+03 1.00983722e+03
    2.44528076e+03 5.52013672e+02 2.39709717e+03 6.15892822e+02
    2.33559375e+03 6.89398376e+02 2.26414258e+03 7.69089050e+02
    2.18594873e+03 8.49356323e+02 2.10822754e+03 9.27378479e+02
    2.32705005e+03 4.35206146e+02 2.28365259e+03 5.03451996e+02
    2.22733887e+03 5.83527527e+02 2.16196313e+03 6.71677368e+02
    2.09180884e+03 7.61620911e+02 2.02115259e+03 8.48978149e+02
    2.19168652e+03 3.34134369e+02 2.15294556e+03 4.05949768e+02
    2.10366040e+03 4.91544312e+02 2.04667688e+03 5.86079651e+02
    1.98630176e+03 6.83054443e+02 1.92544373e+03 7.78223450e+02
    2.04598267e+03 2.55159988e+02 2.01247400e+03 3.29602570e+02
    1.97076196e+03 4.17742554e+02 1.92421094e+03 5.16183105e+02
    1.87494360e+03 6.17469421e+02 1.82517957e+03 7.17055115e+02
    1.89789612e+03 1.98619843e+02 1.87021631e+03 2.75137878e+02
    1.83768542e+03 3.65228912e+02 1.80080969e+03 4.63802551e+02
    1.76262268e+03 5.66225647e+02 1.72507910e+03 6.67149475e+02
    1.75454858e+03 1.64430374e+02 1.73321155e+03 2.41246658e+02
    1.70824536e+03 3.30581970e+02 1.68145569e+03 4.28237122e+02
    1.65455164e+03 5.28955200e+02 1.62751978e+03 6.28683777e+02
    1.11934656e+03 1.34007996e+02 1.07683789e+03 2.24869415e+02
    1.04274329e+03 3.31913147e+02 1.02120795e+03 4.49538391e+02
    1.01136414e+03 5.69520203e+02 1.01009027e+03 6.86079590e+02
    9.86555359e+02 1.63842499e+02 9.50928894e+02 2.51895920e+02
    9.25469788e+02 3.53199341e+02 9.11494690e+02 4.63401672e+02
    9.11057312e+02 5.75219116e+02 9.17011292e+02 6.83503479e+02
    8.72510559e+02 2.02380249e+02 8.43145020e+02 2.87304840e+02
    8.26034424e+02 3.82541595e+02 8.19893005e+02 4.84476929e+02
    8.23679504e+02 5.87520203e+02 8.36102661e+02 6.87683044e+02
    7.75806213e+02 2.46115448e+02 7.52731812e+02 3.26533051e+02
    7.41320984e+02 4.15382446e+02 7.41611084e+02 5.09221283e+02
    7.49482117e+02 6.04192139e+02 7.65490662e+02 6.96155823e+02
    6.95789673e+02 2.89900208e+02 6.79573303e+02 3.66240417e+02
    6.72014282e+02 4.49060883e+02 6.76090698e+02 5.35162964e+02
    6.87625854e+02 6.21848389e+02 7.05388306e+02 7.06868958e+02
    6.27606201e+02 3.33857605e+02 6.17441040e+02 4.05121796e+02
    6.15032532e+02 4.81714905e+02 6.20997864e+02 5.60912537e+02
    6.34175720e+02 6.41188354e+02 6.52951416e+02 7.19303894e+02
    5.71065308e+02 3.75426666e+02 5.64065308e+02 4.42925140e+02
    5.65762756e+02 5.13423462e+02 5.73712891e+02 5.86707458e+02
    5.88567688e+02 6.59793213e+02 6.07635315e+02 7.32588867e+02
    1.76831482e+03 1.68853149e+03 1.76923730e+03 1.62525330e+03
    1.76779492e+03 1.56054883e+03 1.76549756e+03 1.49534058e+03
    1.76320850e+03 1.43023425e+03 1.75935938e+03 1.36497498e+03
    1.81383069e+03 1.71442126e+03 1.81580835e+03 1.64466772e+03
    1.81560791e+03 1.57307947e+03 1.81327820e+03 1.50026404e+03
    1.81146631e+03 1.42668933e+03 1.80685303e+03 1.35370911e+03
    1.86651123e+03 1.74489673e+03 1.87094788e+03 1.66850305e+03
    1.87316858e+03 1.58820386e+03 1.87265955e+03 1.50571448e+03
    1.86989185e+03 1.42280164e+03 1.86450110e+03 1.33992310e+03
    1.92943518e+03 1.78068677e+03 1.93766516e+03 1.69619739e+03
    1.94275635e+03 1.60629578e+03 1.94496289e+03 1.51235938e+03
    1.94134534e+03 1.41747705e+03 1.93495862e+03 1.32328564e+03
    2.00292285e+03 1.82176465e+03 2.01850610e+03 1.72848108e+03
    2.02830420e+03 1.62751172e+03 2.03261230e+03 1.52008423e+03
    2.03052148e+03 1.41077295e+03 2.02052686e+03 1.30229456e+03
    2.08703687e+03 1.86911816e+03 2.11217725e+03 1.76553003e+03
    2.12958130e+03 1.65157166e+03 2.13821558e+03 1.52914355e+03
    2.13470581e+03 1.40254565e+03 2.12161572e+03 1.27813318e+03
    2.18323413e+03 1.92138586e+03 2.21883594e+03 1.80829895e+03
    2.24630640e+03 1.67921533e+03 2.25962183e+03 1.53849280e+03
    2.25825708e+03 1.39263049e+03 2.23912109e+03 1.24896143e+03</data></image_points>
</opencv_storage>
