<?xml version="1.0"?>
<opencv_storage>
<calibration_time>"Sat Dec  2 14:51:13 2017"</calibration_time>
<nr_of_frames>25</nr_of_frames>
<image_width>1440</image_width>
<image_height>1440</image_height>
<board_width>6</board_width>
<board_height>7</board_height>
<square_size>32.</square_size>
<fix_aspect_ratio>1.</fix_aspect_ratio>
<!-- flags: +fix_skew +recompute_extrinsic -->
<flags>522</flags>
<fisheye_model>1</fisheye_model>
<camera_matrix type_id="opencv-matrix">
  <rows>3</rows>
  <cols>3</cols>
  <dt>d</dt>
  <data>
    3.6976110363474777e+02 0. 7.1950000000000000e+02 0.
    3.6938992552997848e+02 7.1950000000000000e+02 0. 0. 1.</data></camera_matrix>
<distortion_coefficients type_id="opencv-matrix">
  <rows>4</rows>
  <cols>1</cols>
  <dt>d</dt>
  <data>
    2.8892896111739286e-01 -3.6805096703488505e-01
    2.1914125116273594e-01 -4.7831500029619667e-02</data></distortion_coefficients>
<avg_reprojection_error>5.4913880561607051e+01</avg_reprojection_error>
<per_view_reprojection_errors type_id="opencv-matrix">
  <rows>25</rows>
  <cols>1</cols>
  <dt>f</dt>
  <data>
    1.46358287e+00 2.11195216e-01 2.22278881e+00 6.35355651e-01
    4.82582986e-01 1.72247040e+00 3.77498436e+00 4.42784595e+00
    2.46980071e+00 2.24588776e+00 4.49224800e-01 6.25927401e+00
    3.38937473e+00 1.53160429e+00 9.95847881e-01 1.46614063e+00
    5.25760508e+00 1.29169345e+00 1.05248380e+00 1.04253376e+00
    9.69461136e+01 2.56572296e+02 2.86494637e+00 1.94352829e+00
    2.21061373e+00</data></per_view_reprojection_errors>
<!-- a set of 6-tuples (rotation vector + translation vector) for each view -->
<extrinsic_parameters type_id="opencv-matrix">
  <rows>25</rows>
  <cols>6</cols>
  <dt>d</dt>
  <data>
    1.0907787879623179e+00 3.4035935250454730e-01 2.8981832293871053e+00
    4.1243781757099646e+02 -1.9139593713019707e+01
    3.4638119567386406e+02 5.2668702519481168e-03 4.1967137888406870e-02
    3.0825088746867562e+00 1.7598521783153217e+02
    -5.5944698592587180e+01 4.3250013808262173e+02
    -1.0790206983720882e+00 1.2117728712919197e-01
    2.7747044860809784e+00 -7.8965121639687823e+01
    -4.4650314398154272e+01 3.5014611157227154e+02
    2.4359814059406251e-01 3.9382190965988723e-01
    -3.1142523811499472e+00 1.1780448535589255e+01
    -2.0734395063506943e+02 4.6526835074266052e+02
    8.0854896818647015e-01 -3.9263915072041924e-02
    2.9391905124922046e+00 2.2049073968378298e+02
    -1.7159428232649367e+02 3.6134858514905756e+02
    -9.3506502900460686e-01 -8.0360839849867927e-01
    -2.5740571747615411e+00 3.8038860076750331e+02
    1.7508975728755152e+02 3.0744489280596645e+02
    -8.1575392834701177e-01 -1.3670541336265682e-02
    1.2921733684028450e-01 -2.8070604544762528e+01
    9.1392211940892651e+01 4.5143771753988511e+02
    -6.8181116596233760e-01 3.6644369850930453e-01
    4.7113909248114288e-02 -3.9452880061846095e+01
    1.2260811203665845e+02 3.2983154466784202e+02
    -5.0638585272836845e-01 -3.6555544418863878e-01
    -1.1475615761263555e-02 -2.8459095219646025e+02
    2.8071044932607048e+01 3.3317164616604998e+02
    -1.7791293433599142e-01 -6.0581887090086350e-01
    -9.8915846680151312e-02 -2.6169420555958993e+02
    -1.5055606814391561e+02 4.0187212244370403e+02
    -1.6427105651584611e-01 4.6654122906300700e-02
    -5.7055069568648455e-02 -7.8545269957861194e+01
    -1.3507307049699583e+02 4.4124354699105254e+02
    -2.7991451623907754e-01 7.8937301262383830e-01
    -6.4356115214733736e-02 9.2126085020072694e+01
    -9.8598371629056402e+01 2.8796616550445952e+02
    1.6790400411465500e-01 6.5552329690006061e-01
    -2.2110482767095652e-01 3.8222918277391209e+01
    -2.2050404382338783e+02 3.0619026993770876e+02
    8.5716448393875289e-01 -3.1875017552978724e-02
    4.2690492004594356e-02 -2.5360436834276828e+02
    -1.5369698025336925e+02 3.5531617804864186e+02
    -5.1193393272032395e-01 -2.2729316749615716e-01
    -6.1295230127285427e-01 -3.4031240443063564e+02
    1.3404805341726075e+02 5.7141917313625379e+02
    -3.7275127353636711e-01 2.0980808062697009e-01
    -2.4370488462488890e-01 -8.0786211736498572e+01
    9.2379790747633066e+01 6.3994945692430520e+02
    -3.5206462988136666e-01 6.8385142718000991e-01
    1.9931156375780418e-01 7.5396622797281367e+01
    -5.5003124649474088e+01 3.6393011364740698e+02
    3.9083429023248267e-01 -4.3588486866573059e-02
    1.7055647557774483e-02 -1.0868918202980950e+01
    -1.3471894704963225e+02 2.6804443486079623e+02
    -2.1173218798380247e-01 2.9410572726075963e-02
    -3.3000280110819430e-02 -2.5965207639969523e+00
    7.5716846280296423e+01 2.9316570527518678e+02 5.3220718554749365e-02
    -4.3732121730988516e-01 3.0741206281897464e-02
    -2.0578131301933095e+02 1.6899374512929899e+01
    2.8093740243320127e+02 -1.0996955288619023e+05
    2.4450876894858602e+05 3.9344738980372924e+04
    -1.5268858310790602e+07 -1.1114973325702652e+07
    -6.1852455733867809e+06 2.7901032593202735e+06
    -1.1855886127411553e+06 -3.3206645450959224e+06
    -4.6465968090959556e+07 -6.1035332074732579e+07
    -9.4269269287821725e+07 -4.8542577745068549e-01
    5.7358887683847212e-02 -1.3694232927317718e-01
    -7.1728679516525744e+01 9.7954958373139732e+01
    2.0948786788757735e+02 -3.2224875211685777e-01
    -4.4175499837322174e-01 -9.3999477076319810e-02
    -2.5132631287511626e+02 5.8230978841583322e+01
    1.6551645267588742e+02 -2.4843787986548546e-01
    2.5548964843767891e-01 -8.2130293431883855e-02
    -1.8475967053425256e+02 -3.2207605092471687e+02
    4.9258754442999037e+02</data></extrinsic_parameters>
