<?xml version="1.0"?>
<opencv_storage>
<calibration_time>"Sun Dec  3 16:42:35 2017"</calibration_time>
<nr_of_frames>13</nr_of_frames>
<image_width>1440</image_width>
<image_height>1440</image_height>
<board_width>6</board_width>
<board_height>7</board_height>
<square_size>32.</square_size>
<fix_aspect_ratio>1.</fix_aspect_ratio>
<!-- flags: +fix_skew +recompute_extrinsic -->
<flags>522</flags>
<fisheye_model>1</fisheye_model>
<camera_matrix type_id="opencv-matrix">
  <rows>3</rows>
  <cols>3</cols>
  <dt>d</dt>
  <data>
    2.7678681167505209e+02 0. 7.1950000000000000e+02 0.
    2.7695338736410190e+02 7.1950000000000000e+02 0. 0. 1.</data></camera_matrix>
<distortion_coefficients type_id="opencv-matrix">
  <rows>4</rows>
  <cols>1</cols>
  <dt>d</dt>
  <data>
    4.3220950092737015e-01 -2.8316591785038892e-01
    1.3628210337283805e-01 -4.1676308024725030e-02</data></distortion_coefficients>
<avg_reprojection_error>8.0555838883868813e-01</avg_reprojection_error>
<per_view_reprojection_errors type_id="opencv-matrix">
  <rows>13</rows>
  <cols>1</cols>
  <dt>f</dt>
  <data>
    2.66927898e-01 6.42042756e-01 6.56876743e-01 6.35283768e-01
    2.02924538e+00 6.08042121e-01 4.77840602e-01 8.65949392e-01
    3.00979048e-01 4.25653934e-01 5.91785491e-01 8.76571476e-01
    5.11238694e-01</data></per_view_reprojection_errors>
<!-- a set of 6-tuples (rotation vector + translation vector) for each view -->
<extrinsic_parameters type_id="opencv-matrix">
  <rows>13</rows>
  <cols>6</cols>
  <dt>d</dt>
  <data>
    2.6848441373326388e-02 1.0647131355570949e-01 3.1275983740872171e+00
    8.6202189593265899e+01 1.3150302613865293e+02 1.8266808691898964e+02
    5.4587476685524727e-01 -3.2005846662658669e-02
    -3.0607143012035243e+00 1.4304033407177192e+02
    1.2275113403586582e+02 1.9919127258432528e+02 9.8650950670524085e-01
    -7.4051400035677088e-03 2.9418158301610533e+00
    6.9295116706781545e+00 1.3091659924927376e+02 1.4996575455415845e+02
    1.0350723736768927e-01 6.3680372931069618e-01 3.0421605840894217e+00
    7.5960769766731573e+01 1.8467603723995026e+01 1.1145115549213170e+02
    -3.9816598533555063e-02 7.9852599970663052e-01
    -3.0192115154876737e+00 8.5624876396944430e+01
    2.2299498427861843e+02 2.4037643593706622e+02 8.0394235550057605e-02
    -7.6556002632302667e-02 3.1256361725100898e+00
    9.3192862703402284e+01 2.0306860316231692e+02 1.2904290088594351e+02
    3.2093369586283810e-02 3.6777469000654844e-01 3.1058638204067570e+00
    8.5773339668429415e+01 8.0770006615804760e+01 1.1039356612054650e+02
    8.3506275031446986e-01 4.3338630152536967e-01 2.9110690686524388e+00
    2.1262976443254296e+01 1.0346595932669638e+02 8.0183732861007698e+01
    -6.4712693764980245e-01 1.9081472375481209e-01
    -3.0619089831903294e+00 3.5413712270200158e+01
    2.2291160837093119e+02 1.9702312838196289e+02 9.2492313149284111e-01
    2.0215853415180585e-01 -2.9247511227380540e+00
    1.1000887199826379e+02 2.3322069829818886e+02 2.5832371124458706e+02
    3.2549179798270232e-02 1.3584556975930626e-01 3.1102065911079810e+00
    9.1946813967969462e+01 1.3794772755339883e+02 1.0869059258114214e+02
    4.2479840207997194e-02 6.7813490005133881e-01
    -3.0545183432291503e+00 7.9695545589133403e+01
    2.0502820657654487e+02 2.0093632805719184e+02 2.4230499343307722e-02
    3.9019698975553629e-01 3.0958933020360320e+00 9.0241651223870647e+01
    7.3329324816066972e+01 1.0501317340980926e+02</data></extrinsic_parameters>
<image_points type_id="opencv-matrix">
  <rows>13</rows>
  <cols>42</cols>
  <dt>"2f"</dt>
  <data>
    8.44389343e+02 9.10557495e+02 7.99169006e+02 9.13665833e+02
    7.52325317e+02 9.15173950e+02 7.05029907e+02 9.15591064e+02
    6.58253174e+02 9.14624390e+02 6.12761047e+02 9.12628357e+02
    8.45553589e+02 8.66031128e+02 7.99126343e+02 8.67833130e+02
    7.51952026e+02 8.68628601e+02 7.04507080e+02 8.69230774e+02
    6.57507935e+02 8.68519592e+02 6.11221313e+02 8.67708069e+02
    8.45496765e+02 8.19197876e+02 7.98719116e+02 8.20313293e+02
    7.51226929e+02 8.20939026e+02 7.03987183e+02 8.20987366e+02
    6.57331787e+02 8.21149841e+02 6.10973083e+02 8.21133850e+02
    8.44094238e+02 7.71950378e+02 7.97373291e+02 7.72566772e+02
    7.50274353e+02 7.72949585e+02 7.03684326e+02 7.73228027e+02
    6.57391541e+02 7.73715515e+02 6.11256897e+02 7.74206970e+02
    8.42601379e+02 7.24865967e+02 7.95929504e+02 7.25773254e+02
    7.49348267e+02 7.26206299e+02 7.03411133e+02 7.26885803e+02
    6.57568848e+02 7.27487366e+02 6.11699219e+02 7.27963196e+02
    8.40980652e+02 6.79010071e+02 7.94720398e+02 6.79690186e+02
    7.48555542e+02 6.80615723e+02 7.03042297e+02 6.81459473e+02
    6.57554260e+02 6.81980957e+02 6.12296570e+02 6.82731384e+02
    8.38768250e+02 6.34020630e+02 7.93292175e+02 6.34628540e+02
    7.47733643e+02 6.35536011e+02 7.02614502e+02 6.36481812e+02
    6.57595154e+02 6.37443726e+02 6.12995667e+02 6.38418518e+02
    9.05779236e+02 8.80567383e+02 8.77742371e+02 8.90920959e+02
    8.44775452e+02 9.01616028e+02 8.05881531e+02 9.13046753e+02
    7.60365967e+02 9.24541077e+02 7.07566284e+02 9.36689453e+02
    9.10064453e+02 8.40785828e+02 8.81632507e+02 8.47816589e+02
    8.48206543e+02 8.55536011e+02 8.09158386e+02 8.63712097e+02
    7.62147949e+02 8.71669189e+02 7.08683838e+02 8.80673096e+02
    9.13331360e+02 7.98988098e+02 8.84752563e+02 8.03223328e+02
    8.50972656e+02 8.07379517e+02 8.10425842e+02 8.11489258e+02
    7.63737061e+02 8.15625549e+02 7.10122986e+02 8.20564636e+02
    9.15225891e+02 7.56230713e+02 8.86803467e+02 7.56957214e+02
    8.52319092e+02 7.57976746e+02 8.11217224e+02 7.58441467e+02
    7.65038086e+02 7.59024536e+02 7.11404541e+02 7.59652954e+02
    9.15830994e+02 7.13095825e+02 8.87175781e+02 7.10684998e+02
    8.53190430e+02 7.08198486e+02 8.12144348e+02 7.05602417e+02
    7.65874146e+02 7.02637817e+02 7.13032043e+02 6.99417419e+02
    9.16158447e+02 6.70294373e+02 8.87285583e+02 6.64859192e+02
    8.53087769e+02 6.59264954e+02 8.13251465e+02 6.53033325e+02
    7.67303772e+02 6.46385559e+02 7.14384460e+02 6.38725525e+02
    9.14813660e+02 6.28431885e+02 8.86309448e+02 6.20201599e+02
    8.52846741e+02 6.11178101e+02 8.13565063e+02 6.01469482e+02
    7.68143311e+02 5.90971741e+02 7.15605042e+02 5.79412659e+02
    7.31454712e+02 9.49861328e+02 6.89367493e+02 9.28791382e+02
    6.55456299e+02 9.10407837e+02 6.28045532e+02 8.94631470e+02
    6.05485229e+02 8.81013855e+02 5.86788696e+02 8.69409180e+02
    7.29890198e+02 8.99507751e+02 6.87259888e+02 8.81704529e+02
    6.53217102e+02 8.67009949e+02 6.25245850e+02 8.55246155e+02
    6.03265259e+02 8.44441101e+02 5.84169373e+02 8.35680359e+02
    7.27820862e+02 8.43353638e+02 6.85046936e+02 8.31357666e+02
    6.50605469e+02 8.21587463e+02 6.23541260e+02 8.13451172e+02
    6.01103333e+02 8.06781128e+02 5.82158875e+02 8.00841187e+02
    7.25687805e+02 7.84502441e+02 6.82719788e+02 7.79258789e+02
    6.48954346e+02 7.74741577e+02 6.22022949e+02 7.71243591e+02
    5.99329590e+02 7.68071106e+02 5.80404663e+02 7.65580261e+02
    7.23852844e+02 7.25387695e+02 6.81306274e+02 7.26707275e+02
    6.47376343e+02 7.27787659e+02 6.20540344e+02 7.28630798e+02
    5.97674927e+02 7.29371948e+02 5.79161438e+02 7.29793518e+02
    7.21518188e+02 6.65678894e+02 6.79374756e+02 6.74181885e+02
    6.45765381e+02 6.80541687e+02 6.18758484e+02 6.85967407e+02
    5.96282166e+02 6.90317261e+02 5.77540527e+02 6.94220642e+02
    7.19526428e+02 6.05447144e+02 6.77322876e+02 6.20668213e+02
    6.44272644e+02 6.33117554e+02 6.17257874e+02 6.42829285e+02
    5.95146912e+02 6.51342224e+02 5.76549255e+02 6.58232971e+02
    9.04848816e+02 7.65363098e+02 8.27535339e+02 7.68416565e+02
    7.48550354e+02 7.70541138e+02 6.72786987e+02 7.72639099e+02
    5.99484863e+02 7.74774475e+02 5.31718018e+02 7.75912720e+02
    8.86652283e+02 6.96368835e+02 8.15471313e+02 6.99305725e+02
    7.44446655e+02 7.02539978e+02 6.76185791e+02 7.05120789e+02
    6.09559875e+02 7.08535950e+02 5.46618225e+02 7.11471985e+02
